1.000000e+00 0.000000e+00 0.000000e+00 0.000000e+00 0.000000e+00 1.000000e+00 0.000000e+00 0.000000e+00 0.000000e+00 0.000000e+00 1.000000e+00 0.000000e+00
9.999882e-01 -3.538727e-03 -3.328445e-03 -8.203227e-03 3.534473e-03 9.999929e-01 -1.283210e-03 -2.097837e-02 3.332962e-03 1.271431e-03 9.999936e-01 9.997463e-01
9.999402e-01 -1.712063e-03 -1.080547e-02 2.272380e-02 1.678769e-03 9.999938e-01 -3.089587e-03 -2.650250e-02 1.081069e-02 3.071262e-03 9.999368e-01 1.999253e+00
9.999348e-01 2.039613e-04 -1.141618e-02 -6.223370e-02 -2.809240e-04 9.999772e-01 -6.740356e-03 -1.108329e-02 1.141454e-02 6.743123e-03 9.999121e-01 2.995518e+00
9.998584e-01 1.745620e-04 -1.682954e-02 -1.040247e-01 -2.707484e-04 9.999836e-01 -5.713222e-03 -4.992540e-02 1.682827e-02 5.716969e-03 9.998421e-01 3.993889e+00
9.996824e-01 -1.128953e-03 -2.517535e-02 -8.929795e-02 9.702649e-04 9.999796e-01 -6.314621e-03 -4.431631e-02 2.518196e-02 6.288189e-03 9.996631e-01 4.993765e+00
9.994347e-01 2.705337e-04 -3.361794e-02 -9.660290e-02 -5.170287e-04 9.999730e-01 -7.323768e-03 -6.325760e-02 3.361505e-02 7.337009e-03 9.994079e-01 5.993559e+00
9.993046e-01 3.123518e-03 -3.715662e-02 -1.581404e-01 -3.438474e-03 9.999587e-01 -8.415560e-03 -7.745978e-02 3.712880e-02 8.537469e-03 9.992740e-01 6.991562e+00
9.991071e-01 2.522802e-03 -4.217408e-02 -1.850177e-01 -2.810466e-03 9.999732e-01 -6.762985e-03 -8.826951e-02 4.215589e-02 6.875475e-03 9.990874e-01 7.991143e+00
9.989887e-01 1.766137e-03 -4.492729e-02 -2.489947e-01 -1.954793e-03 9.999895e-01 -4.155538e-03 -9.278188e-02 4.491948e-02 4.239159e-03 9.989816e-01 8.989084e+00
9.987762e-01 2.465499e-03 -4.939723e-02 -3.166486e-01 -2.552369e-03 9.999953e-01 -1.695600e-03 -1.061151e-01 4.939281e-02 1.819604e-03 9.987778e-01 9.986704e+00
9.986091e-01 4.248841e-03 -5.255312e-02 -3.663960e-01 -4.525212e-03 9.999765e-01 -5.141022e-03 -7.573812e-02 5.253004e-02 5.371685e-03 9.986049e-01 1.098500e+01
9.985074e-01 3.067442e-03 -5.453008e-02 -4.250352e-01 -3.314051e-03 9.999847e-01 -4.432584e-03 -1.084933e-01 5.451565e-02 4.606683e-03 9.985023e-01 1.198275e+01
9.984859e-01 6.252002e-04 -5.500461e-02 -5.236863e-01 -9.687228e-04 9.999802e-01 -6.218900e-03 -1.064242e-01 5.499963e-02 6.262768e-03 9.984667e-01 1.297787e+01
9.981350e-01 3.565905e-04 -6.104422e-02 -5.169472e-01 -7.345193e-04 9.999807e-01 -6.168738e-03 -1.152096e-01 6.104084e-02 6.202071e-03 9.981160e-01 1.397780e+01
9.981392e-01 -1.543844e-03 -6.095724e-02 -5.816129e-01 1.050362e-03 9.999664e-01 -8.126758e-03 -1.000219e-01 6.096773e-02 8.047609e-03 9.981073e-01 1.497560e+01
9.981955e-01 1.581227e-03 -6.002683e-02 -7.035824e-01 -2.125959e-03 9.999571e-01 -9.012033e-03 -1.308678e-01 6.001001e-02 9.123385e-03 9.981561e-01 1.596765e+01
9.979957e-01 1.587157e-03 -6.326168e-02 -7.336098e-01 -2.334691e-03 9.999283e-01 -1.174437e-02 -1.392665e-01 6.323851e-02 1.186853e-02 9.979279e-01 1.696716e+01
9.979715e-01 5.084228e-03 -6.345876e-02 -8.616761e-01 -5.854111e-03 9.999114e-01 -1.195198e-02 -1.780974e-01 6.339237e-02 1.229923e-02 9.979129e-01 1.795817e+01
9.978694e-01 5.280862e-03 -6.502879e-02 -9.247205e-01 -6.035974e-03 9.999166e-01 -1.142097e-02 -1.995222e-01 6.496305e-02 1.178915e-02 9.978180e-01 1.895595e+01
9.978541e-01 5.567256e-03 -6.523909e-02 -1.008217e+00 -6.338027e-03 9.999125e-01 -1.161356e-02 -2.077182e-01 6.516872e-02 1.200212e-02 9.978021e-01 1.995242e+01
9.977229e-01 6.534814e-03 -6.712912e-02 -1.086168e+00 -7.138369e-03 9.999362e-01 -8.755029e-03 -2.470898e-01 6.706762e-02 9.214285e-03 9.977059e-01 2.094860e+01
9.976022e-01 5.235517e-03 -6.900982e-02 -1.144364e+00 -5.850252e-03 9.999450e-01 -8.708846e-03 -2.703165e-01 6.896043e-02 9.091689e-03 9.975780e-01 2.194664e+01
9.974568e-01 6.057254e-03 -7.101610e-02 -1.209472e+00 -6.840989e-03 9.999183e-01 -1.079800e-02 -2.794224e-01 7.094489e-02 1.125636e-02 9.974167e-01 2.294447e+01
9.974773e-01 4.273398e-03 -7.085745e-02 -1.285815e+00 -5.102877e-03 9.999205e-01 -1.152943e-02 -2.952091e-01 7.080255e-02 1.186192e-02 9.974198e-01 2.394143e+01
9.973745e-01 2.871113e-03 -7.235888e-02 -1.378914e+00 -3.671883e-03 9.999335e-01 -1.093606e-02 -3.052150e-01 7.232266e-02 1.117304e-02 9.973187e-01 2.493704e+01
9.971797e-01 2.486235e-03 -7.501006e-02 -1.411912e+00 -2.979017e-03 9.999747e-01 -6.458379e-03 -3.310364e-01 7.499210e-02 6.663620e-03 9.971619e-01 2.593616e+01
9.971489e-01 4.399697e-03 -7.533038e-02 -1.484868e+00 -4.613858e-03 9.999858e-01 -2.669157e-03 -3.468223e-01 7.531756e-02 3.009111e-03 9.971551e-01 2.693337e+01
9.975069e-01 3.709204e-03 -7.047093e-02 -1.598943e+00 -4.121670e-03 9.999752e-01 -5.708479e-03 -3.595098e-01 7.044801e-02 5.984705e-03 9.974975e-01 2.792676e+01
9.976938e-01 3.221977e-03 -6.779923e-02 -1.689931e+00 -3.906704e-03 9.999427e-01 -9.969168e-03 -3.867745e-01 6.776322e-02 1.021105e-02 9.976492e-01 2.892224e+01
9.977977e-01 2.350322e-03 -6.628821e-02 -1.762328e+00 -3.263708e-03 9.999012e-01 -1.367409e-02 -3.830844e-01 6.624952e-02 1.386032e-02 9.977068e-01 2.991961e+01
9.978807e-01 2.390497e-03 -6.502664e-02 -1.836099e+00 -3.259292e-03 9.999068e-01 -1.325780e-02 -3.956444e-01 6.498888e-02 1.344164e-02 9.977955e-01 3.091680e+01
9.979577e-01 7.741779e-04 -6.387377e-02 -1.908458e+00 -1.282178e-03 9.999679e-01 -7.912578e-03 -4.238367e-01 6.386559e-02 7.978315e-03 9.979266e-01 3.191379e+01
9.980594e-01 -2.793168e-03 -6.220587e-02 -2.034301e+00 2.494867e-03 9.999850e-01 -4.872546e-03 -4.316667e-01 6.221854e-02 4.707895e-03 9.980514e-01 3.290580e+01
9.978940e-01 -1.102895e-02 -6.392049e-02 -2.071636e+00 1.073629e-02 9.999303e-01 -4.920247e-03 -4.476429e-01 6.397030e-02 4.223617e-03 9.979429e-01 3.390498e+01
9.978218e-01 -1.170325e-02 -6.492071e-02 -2.155231e+00 1.116641e-02 9.999004e-01 -8.625761e-03 -4.590943e-01 6.501519e-02 7.882041e-03 9.978531e-01 3.490141e+01
9.976501e-01 -9.320878e-03 -6.787723e-02 -2.224929e+00 8.681439e-03 9.999152e-01 -9.709413e-03 -4.690402e-01 6.796197e-02 9.097326e-03 9.976464e-01 3.589893e+01
9.975362e-01 -9.357523e-03 -6.952679e-02 -2.270074e+00 8.889206e-03 9.999357e-01 -7.042135e-03 -5.083953e-01 6.958822e-02 6.406746e-03 9.975552e-01 3.689714e+01
9.972584e-01 -4.871501e-03 -7.383713e-02 -2.311526e+00 4.396843e-03 9.999686e-01 -6.589624e-03 -4.961153e-01 7.386691e-02 6.246907e-03 9.972485e-01 3.789620e+01
9.971820e-01 -5.011662e-03 -7.485289e-02 -2.356659e+00 4.646229e-03 9.999764e-01 -5.055360e-03 -5.293874e-01 7.487646e-02 4.693331e-03 9.971818e-01 3.889463e+01
9.968841e-01 -4.311567e-03 -7.876192e-02 -2.433582e+00 4.063447e-03 9.999863e-01 -3.310260e-03 -5.274260e-01 7.877511e-02 2.979901e-03 9.968880e-01 3.989166e+01
9.968645e-01 -2.591393e-03 -7.908483e-02 -2.548918e+00 2.549090e-03 9.999965e-01 -6.358510e-04 -5.456210e-01 7.908620e-02 4.322629e-04 9.968677e-01 4.088482e+01
9.966896e-01 -3.805597e-03 -8.121210e-02 -2.605661e+00 3.827839e-03 9.999927e-01 1.181886e-04 -5.769430e-01 8.121106e-02 -4.286641e-04 9.966968e-01 4.188272e+01
9.967198e-01 -2.706857e-03 -8.088492e-02 -2.733232e+00 2.591239e-03 9.999955e-01 -1.534352e-03 -6.032283e-01 8.088871e-02 1.319726e-03 9.967223e-01 4.287420e+01
9.966900e-01 -2.506415e-04 -8.129597e-02 -2.820853e+00 6.945835e-05 9.999975e-01 -2.231506e-03 -6.391895e-01 8.129633e-02 2.218473e-03 9.966875e-01 4.386971e+01
9.965439e-01 -3.578361e-03 -8.299021e-02 -2.891854e+00 3.467503e-03 9.999929e-01 -1.479890e-03 -6.625803e-01 8.299492e-02 1.187007e-03 9.965493e-01 4.486691e+01
9.964632e-01 -5.285909e-03 -8.386400e-02 -2.993650e+00 5.241953e-03 9.999860e-01 -7.443270e-04 -6.701671e-01 8.386676e-02 3.020834e-04 9.964769e-01 4.586169e+01
9.962661e-01 -3.446498e-03 -8.626695e-02 -3.060679e+00 3.380050e-03 9.999939e-01 -9.163176e-04 -6.731016e-01 8.626958e-02 6.213096e-04 9.962716e-01 4.685943e+01
9.960543e-01 1.551618e-04 -8.874588e-02 -3.159049e+00 -7.277661e-04 9.999791e-01 -6.419858e-03 -6.720609e-01 8.874303e-02 6.459114e-03 9.960336e-01 4.785458e+01
9.960650e-01 -2.169764e-04 -8.862563e-02 -3.275726e+00 -8.165677e-04 9.999321e-01 -1.162549e-02 -6.787676e-01 8.862214e-02 1.165211e-02 9.959972e-01 4.884773e+01
9.961355e-01 2.318048e-04 -8.782921e-02 -3.405478e+00 -1.278923e-03 9.999288e-01 -1.186613e-02 -7.192840e-01 8.782021e-02 1.193260e-02 9.960649e-01 4.983845e+01
9.959038e-01 -6.341638e-04 -9.041742e-02 -3.467360e+00 -1.840924e-04 9.999591e-01 -9.041136e-03 -7.380234e-01 9.041946e-02 9.020746e-03 9.958629e-01 5.083635e+01
9.962790e-01 -8.896069e-04 -8.618213e-02 -3.612988e+00 3.232908e-04 9.999783e-01 -6.584889e-03 -7.609496e-01 8.618612e-02 6.532524e-03 9.962576e-01 5.182543e+01
9.964587e-01 -1.812713e-03 -8.406465e-02 -3.733701e+00 1.303020e-03 9.999804e-01 -6.117580e-03 -7.836285e-01 8.407409e-02 5.986378e-03 9.964415e-01 5.281786e+01
9.963935e-01 -3.725848e-03 -8.477140e-02 -3.828337e+00 3.086233e-03 9.999658e-01 -7.674979e-03 -8.018550e-01 8.479710e-02 7.385675e-03 9.963709e-01 5.381320e+01
9.961769e-01 -5.737178e-03 -8.717051e-02 -3.874411e+00 4.980853e-03 9.999481e-01 -8.891419e-03 -8.326952e-01 8.721700e-02 8.423243e-03 9.961537e-01 5.481166e+01
9.959990e-01 -7.509510e-03 -8.904852e-02 -3.950698e+00 7.032549e-03 9.999592e-01 -5.668723e-03 -8.864286e-01 8.908746e-02 5.019804e-03 9.960112e-01 5.580730e+01
9.957812e-01 -9.480316e-03 -9.126808e-02 -4.040108e+00 9.390848e-03 9.999549e-01 -1.409677e-03 -9.143987e-01 9.127733e-02 5.466452e-04 9.958254e-01 5.680290e+01
9.958423e-01 -9.272233e-03 -9.062080e-02 -4.144277e+00 9.703648e-03 9.999436e-01 4.321230e-03 -9.371024e-01 9.057562e-02 -5.182616e-03 9.958761e-01 5.779720e+01
9.956047e-01 -8.164410e-03 -9.329810e-02 -4.210849e+00 8.881453e-03 9.999341e-01 7.272867e-03 -9.498017e-01 9.323258e-02 -8.069524e-03 9.956117e-01 5.879490e+01
9.961091e-01 -7.052539e-03 -8.784573e-02 -4.375478e+00 7.372808e-03 9.999673e-01 3.321881e-03 -9.620913e-01 8.781943e-02 -3.956625e-03 9.961286e-01 5.978118e+01
9.960592e-01 -7.171168e-03 -8.840092e-02 -4.499303e+00 6.683828e-03 9.999608e-01 -5.807620e-03 -9.537083e-01 8.843910e-02 5.193877e-03 9.960680e-01 6.077345e+01
9.959571e-01 -5.724627e-03 -8.964724e-02 -4.617892e+00 4.727441e-03 9.999246e-01 -1.133182e-02 -9.682189e-01 8.970535e-02 1.086221e-02 9.959091e-01 6.176629e+01
9.958325e-01 6.084412e-04 -9.119894e-02 -4.725838e+00 -1.530242e-03 9.999484e-01 -1.003800e-02 -9.990971e-01 9.118813e-02 1.013573e-02 9.957821e-01 6.275997e+01
9.956173e-01 2.736074e-03 -9.348133e-02 -4.795401e+00 -3.515535e-03 9.999604e-01 -8.174483e-03 -1.017367e+00 9.345526e-02 8.467293e-03 9.955875e-01 6.375738e+01
9.956032e-01 1.513886e-03 -9.365909e-02 -4.913518e+00 -2.285397e-03 9.999643e-01 -8.130729e-03 -1.040027e+00 9.364344e-02 8.309028e-03 9.955711e-01 6.475012e+01
9.954586e-01 2.349996e-03 -9.516665e-02 -5.000278e+00 -2.954557e-03 9.999763e-01 -6.212250e-03 -1.071147e+00 9.514980e-02 6.465212e-03 9.954420e-01 6.574586e+01
9.954251e-01 2.587495e-03 -9.550988e-02 -5.093508e+00 -3.197266e-03 9.999755e-01 -6.231886e-03 -1.089276e+00 9.549141e-02 6.508746e-03 9.954090e-01 6.674134e+01
9.956071e-01 1.861732e-03 -9.361123e-02 -5.219120e+00 -2.250428e-03 9.999893e-01 -4.046852e-03 -1.131858e+00 9.360269e-02 4.239740e-03 9.956006e-01 6.773250e+01
9.954043e-01 7.404034e-04 -9.575907e-02 -5.294762e+00 -1.065029e-03 9.999939e-01 -3.338955e-03 -1.132314e+00 9.575601e-02 3.425597e-03 9.953989e-01 6.872964e+01
9.949717e-01 3.112299e-03 -1.001079e-01 -5.351699e+00 -3.157526e-03 9.999950e-01 -2.933480e-04 -1.159643e+00 1.001065e-01 6.079663e-04 9.949765e-01 6.972764e+01
9.951307e-01 4.546125e-03 -9.845885e-02 -5.488414e+00 -4.165340e-03 9.999830e-01 4.072666e-03 -1.182345e+00 9.847569e-02 -3.642720e-03 9.951328e-01 7.071799e+01
9.950276e-01 8.211858e-03 -9.926079e-02 -5.605076e+00 -7.730246e-03 9.999564e-01 5.235629e-03 -1.182516e+00 9.929946e-02 -4.442285e-03 9.950477e-01 7.171117e+01
9.951276e-01 1.127940e-02 -9.794855e-02 -5.766835e+00 -1.118990e-02 9.999363e-01 1.463031e-03 -1.197008e+00 9.795881e-02 -3.598680e-04 9.951904e-01 7.269789e+01
9.951842e-01 1.162197e-02 -9.733141e-02 -5.921977e+00 -1.217578e-02 9.999129e-01 -5.097910e-03 -1.228965e+00 9.726369e-02 6.258445e-03 9.952390e-01 7.368526e+01
9.950359e-01 1.104301e-02 -9.890201e-02 -6.003257e+00 -1.219279e-02 9.998648e-01 -1.102856e-02 -1.252400e+00 9.876686e-02 1.217970e-02 9.950361e-01 7.468168e+01
9.948028e-01 1.091119e-02 -1.012341e-01 -6.069546e+00 -1.221535e-02 9.998501e-01 -1.227167e-02 -1.252261e+00 1.010850e-01 1.344450e-02 9.947869e-01 7.567948e+01
9.943386e-01 1.475026e-02 -1.052288e-01 -6.128850e+00 -1.561467e-02 9.998507e-01 -7.395407e-03 -1.301862e+00 1.051040e-01 8.996651e-03 9.944205e-01 7.667649e+01
9.945427e-01 1.513196e-02 -1.032272e-01 -6.298767e+00 -1.579823e-02 9.998593e-01 -5.639845e-03 -1.335010e+00 1.031274e-01 7.239875e-03 9.946418e-01 7.766139e+01
9.942240e-01 1.053277e-02 -1.068065e-01 -6.348104e+00 -1.161385e-02 9.998874e-01 -9.504885e-03 -1.340306e+00 1.066944e-01 1.069042e-02 9.942344e-01 7.866016e+01
9.941743e-01 9.635873e-04 -1.077804e-01 -6.431994e+00 -2.481901e-03 9.998996e-01 -1.395385e-02 -1.403860e+00 1.077561e-01 1.414006e-02 9.940768e-01 7.965460e+01
9.939783e-01 -5.571588e-03 -1.094354e-01 -6.469243e+00 3.451933e-03 9.998029e-01 -1.954892e-02 -1.393232e+00 1.095227e-01 1.905344e-02 9.938017e-01 8.065385e+01
9.947491e-01 -2.720701e-03 -1.023072e-01 -6.700111e+00 5.476068e-04 9.997738e-01 -2.126297e-02 -1.388775e+00 1.023419e-01 2.109529e-02 9.945256e-01 8.162683e+01
9.955706e-01 3.465842e-03 -9.395258e-02 -6.916503e+00 -5.291642e-03 9.998018e-01 -1.919105e-02 -1.376634e+00 9.386745e-02 1.960321e-02 9.953917e-01 8.260306e+01
9.962016e-01 2.031729e-03 -8.705318e-02 -7.133107e+00 -3.607792e-03 9.998324e-01 -1.795110e-02 -1.355777e+00 8.700211e-02 1.819698e-02 9.960419e-01 8.357909e+01
9.965571e-01 -1.529062e-03 -8.289467e-02 -7.182606e+00 4.586604e-04 9.999163e-01 -1.293029e-02 -1.391989e+00 8.290750e-02 1.284776e-02 9.964744e-01 8.457721e+01
9.971104e-01 -6.271804e-03 -7.570676e-02 -7.230778e+00 5.387232e-03 9.999149e-01 -1.188277e-02 -1.338306e+00 7.577484e-02 1.144058e-02 9.970593e-01 8.557461e+01
9.979918e-01 -3.850258e-03 -6.322601e-02 -7.324166e+00 3.142187e-03 9.999313e-01 -1.129466e-02 -1.395401e+00 6.326515e-02 1.107331e-02 9.979353e-01 8.656860e+01
9.987770e-01 6.605994e-04 -4.943716e-02 -7.339478e+00 -1.207011e-03 9.999385e-01 -1.102361e-02 -1.445363e+00 4.942683e-02 1.106979e-02 9.987164e-01 8.756723e+01
9.996079e-01 6.232195e-03 -2.729892e-02 -7.459230e+00 -6.503730e-03 9.999301e-01 -9.869283e-03 -1.478292e+00 2.723551e-02 1.004296e-02 9.995786e-01 8.855949e+01
9.999797e-01 5.243292e-03 -3.626466e-03 -7.506143e+00 -5.283487e-03 9.999237e-01 -1.116455e-02 -1.450434e+00 3.567650e-03 1.118348e-02 9.999311e-01 8.955800e+01
9.996976e-01 2.731971e-03 2.443816e-02 -7.481350e+00 -2.522138e-03 9.999597e-01 -8.613014e-03 -1.522520e+00 -2.446071e-02 8.548773e-03 9.996642e-01 9.055509e+01
9.985818e-01 4.651539e-04 5.323725e-02 -7.364090e+00 -1.499912e-04 9.999824e-01 -5.923807e-03 -1.557459e+00 -5.323907e-02 5.907421e-03 9.985643e-01 9.154758e+01
9.962849e-01 1.212606e-03 8.610975e-02 -7.190715e+00 -7.086285e-04 9.999824e-01 -5.883060e-03 -1.548583e+00 -8.611537e-02 5.800184e-03 9.962683e-01 9.253239e+01
9.920870e-01 1.539407e-03 1.255432e-01 -7.090739e+00 -8.703834e-04 9.999851e-01 -5.383713e-03 -1.558818e+00 -1.255496e-01 5.231841e-03 9.920736e-01 9.352733e+01
9.859518e-01 9.098853e-04 1.670273e-01 -6.894788e+00 -2.245494e-05 9.999859e-01 -5.314896e-03 -1.582158e+00 -1.670298e-01 5.236481e-03 9.859379e-01 9.450767e+01
9.762626e-01 7.971125e-04 2.165890e-01 -6.765377e+00 3.286305e-04 9.999866e-01 -5.161534e-03 -1.580263e+00 -2.165902e-01 5.110190e-03 9.762492e-01 9.549926e+01
9.635140e-01 2.047400e-04 2.676578e-01 -6.493196e+00 1.167503e-03 9.999870e-01 -4.967697e-03 -1.688257e+00 -2.676553e-01 5.098937e-03 9.635012e-01 9.645542e+01
9.462923e-01 3.326254e-03 3.232953e-01 -6.189993e+00 -8.434617e-04 9.999691e-01 -7.819446e-03 -1.697305e+00 -3.233113e-01 7.126794e-03 9.462658e-01 9.740831e+01
9.227871e-01 4.733731e-03 3.852810e-01 -5.935505e+00 -1.005281e-03 9.999507e-01 -9.878082e-03 -1.714982e+00 -3.853088e-01 8.728052e-03 9.227464e-01 9.837522e+01
8.946698e-01 5.646228e-03 4.466923e-01 -5.561234e+00 -7.424460e-04 9.999375e-01 -1.115227e-02 -1.724044e+00 -4.467274e-01 9.645951e-03 8.946181e-01 9.930250e+01
8.613126e-01 4.516373e-03 5.080554e-01 -5.094996e+00 1.762952e-03 9.999279e-01 -1.187764e-02 -1.775286e+00 -5.080724e-01 1.112604e-02 8.612425e-01 1.001857e+02
8.251779e-01 4.402707e-03 5.648558e-01 -4.474233e+00 3.467280e-03 9.999113e-01 -1.285893e-02 -1.804692e+00 -5.648624e-01 1.256941e-02 8.250894e-01 1.009691e+02
7.868023e-01 4.372819e-03 6.171896e-01 -3.740756e+00 5.611399e-03 9.998829e-01 -1.423771e-02 -1.806218e+00 -6.171796e-01 1.466556e-02 7.866856e-01 1.016488e+02
7.468919e-01 3.182955e-03 6.649379e-01 -2.954326e+00 5.867131e-03 9.999181e-01 -1.137671e-02 -1.884935e+00 -6.649196e-01 1.239845e-02 7.468120e-01 1.022615e+02
7.048074e-01 1.724070e-03 7.093966e-01 -2.145833e+00 3.528842e-03 9.999762e-01 -5.936288e-03 -1.989105e+00 -7.093900e-01 6.687288e-03 7.047845e-01 1.028407e+02
6.553801e-01 4.419058e-04 7.552991e-01 -1.388489e+00 5.485312e-03 9.999707e-01 -5.344713e-03 -1.981238e+00 -7.552793e-01 7.645870e-03 6.553585e-01 1.034937e+02
6.087517e-01 -1.996413e-03 7.933583e-01 -4.812144e-01 8.978141e-03 9.999501e-01 -4.372735e-03 -2.038284e+00 -7.933100e-01 9.784793e-03 6.087393e-01 1.039103e+02
5.627655e-01 -5.162849e-03 8.266005e-01 4.339028e-01 1.274238e-02 9.999159e-01 -2.429903e-03 -2.096699e+00 -8.265184e-01 1.190033e-02 5.627839e-01 1.043092e+02
5.169236e-01 -3.304816e-03 8.560252e-01 1.342027e+00 1.069594e-02 9.999394e-01 -2.598481e-03 -2.125303e+00 -8.559647e-01 1.049921e-02 5.169276e-01 1.047270e+02
4.718156e-01 -1.181625e-04 8.816973e-01 2.278889e+00 8.681073e-03 9.999521e-01 -4.511422e-03 -2.099929e+00 -8.816545e-01 9.782637e-03 4.717940e-01 1.050757e+02
4.264903e-01 1.628069e-03 9.044907e-01 3.217778e+00 5.565579e-03 9.999747e-01 -4.424251e-03 -2.143995e+00 -9.044750e-01 6.920914e-03 4.264704e-01 1.054171e+02
3.849362e-01 -9.905048e-04 9.229426e-01 4.182201e+00 1.207721e-02 9.999192e-01 -3.963987e-03 -2.189499e+00 -9.228642e-01 1.267246e-02 3.849171e-01 1.056775e+02
3.441321e-01 -9.157072e-03 9.388766e-01 5.145149e+00 2.656869e-02 9.996470e-01 1.139931e-05 -2.199151e+00 -9.385453e-01 2.494080e-02 3.442539e-01 1.059471e+02
3.044451e-01 -1.067169e-02 9.524701e-01 6.091081e+00 3.128753e-02 9.995097e-01 1.198068e-03 -2.142686e+00 -9.520159e-01 2.943570e-02 3.046297e-01 1.062665e+02
2.717427e-01 -7.608542e-03 9.623399e-01 7.070942e+00 2.916599e-02 9.995745e-01 -3.328749e-04 -2.160767e+00 -9.619279e-01 2.815805e-02 2.718489e-01 1.064653e+02
2.362359e-01 -2.327541e-04 9.716957e-01 8.023185e+00 1.687342e-02 9.998502e-01 -3.862720e-03 -2.200760e+00 -9.715492e-01 1.730834e-02 2.362044e-01 1.067680e+02
2.037483e-01 4.528281e-03 9.790128e-01 8.992950e+00 1.113431e-02 9.999139e-01 -6.942184e-03 -2.232842e+00 -9.789600e-01 1.231509e-02 2.036803e-01 1.070100e+02
1.780909e-01 4.898231e-03 9.840018e-01 9.984445e+00 1.821612e-02 9.997998e-01 -8.273741e-03 -2.253988e+00 -9.838454e-01 1.939817e-02 1.779661e-01 1.071384e+02
1.588044e-01 1.116546e-02 9.872469e-01 1.098333e+01 2.742941e-02 9.995002e-01 -1.571622e-02 -2.233941e+00 -9.869290e-01 2.957541e-02 1.584187e-01 1.071811e+02
1.403961e-01 1.798308e-02 9.899321e-01 1.197795e+01 2.940067e-02 9.993184e-01 -2.232331e-02 -2.226785e+00 -9.896588e-01 3.223877e-02 1.397717e-01 1.072844e+02
1.230139e-01 1.784136e-02 9.922446e-01 1.296790e+01 2.624402e-02 9.994302e-01 -2.122418e-02 -2.256111e+00 -9.920579e-01 2.865136e-02 1.224756e-01 1.074228e+02
1.091184e-01 1.471115e-02 9.939199e-01 1.396606e+01 2.369057e-02 9.995680e-01 -1.739564e-02 -2.281660e+00 -9.937464e-01 2.544471e-02 1.087227e-01 1.074777e+02
9.331553e-02 1.241049e-02 9.955592e-01 1.496057e+01 2.222573e-02 9.996472e-01 -1.454471e-02 -2.318906e+00 -9.953885e-01 2.348428e-02 9.300677e-02 1.075755e+02
7.950987e-02 9.671164e-03 9.967872e-01 1.595889e+01 2.527796e-02 9.996118e-01 -1.171490e-02 -2.345535e+00 -9.965135e-01 2.612819e-02 7.923454e-02 1.076269e+02
6.766949e-02 9.374198e-03 9.976638e-01 1.695495e+01 2.955017e-02 9.994983e-01 -1.139576e-02 -2.344640e+00 -9.972701e-01 3.025228e-02 6.735854e-02 1.077156e+02
5.892602e-02 1.065906e-02 9.982054e-01 1.795487e+01 3.399664e-02 9.993415e-01 -1.267808e-02 -2.341930e+00 -9.976833e-01 3.468270e-02 5.852484e-02 1.077033e+02
4.787877e-02 1.191400e-02 9.987821e-01 1.894995e+01 3.736151e-02 9.992078e-01 -1.371008e-02 -2.347295e+00 -9.981542e-01 3.797243e-02 4.739572e-02 1.078022e+02
4.230389e-02 1.196121e-02 9.990332e-01 1.994830e+01 3.836976e-02 9.991712e-01 -1.358762e-02 -2.386477e+00 -9.983677e-01 3.890747e-02 4.180988e-02 1.078444e+02
3.637699e-02 1.339435e-02 9.992484e-01 2.094649e+01 3.980394e-02 9.990973e-01 -1.484137e-02 -2.397695e+00 -9.985451e-01 4.031390e-02 3.581100e-02 1.079034e+02
3.072947e-02 1.341420e-02 9.994377e-01 2.194637e+01 3.942814e-02 9.991154e-01 -1.462216e-02 -2.413544e+00 -9.987498e-01 3.985530e-02 3.017339e-02 1.079037e+02
2.557209e-02 1.357500e-02 9.995808e-01 2.294558e+01 4.281246e-02 9.989755e-01 -1.466205e-02 -2.432493e+00 -9.987558e-01 4.316945e-02 2.496472e-02 1.079385e+02
2.501491e-02 1.333546e-02 9.995981e-01 2.394509e+01 4.642505e-02 9.988167e-01 -1.448683e-02 -2.447385e+00 -9.986085e-01 4.676878e-02 2.436621e-02 1.079109e+02
2.071949e-02 1.328436e-02 9.996971e-01 2.494451e+01 4.648893e-02 9.988174e-01 -1.423619e-02 -2.463592e+00 -9.987039e-01 4.676982e-02 2.007741e-02 1.079406e+02
1.911121e-02 1.293175e-02 9.997337e-01 2.594440e+01 4.862020e-02 9.987213e-01 -1.384809e-02 -2.477892e+00 -9.986345e-01 4.887190e-02 1.845803e-02 1.079443e+02
1.867622e-02 1.333836e-02 9.997366e-01 2.694428e+01 5.138335e-02 9.985769e-01 -1.428278e-02 -2.488228e+00 -9.985044e-01 5.163657e-02 1.796427e-02 1.079563e+02
1.836794e-02 1.292432e-02 9.997478e-01 2.794294e+01 5.533861e-02 9.983706e-01 -1.392323e-02 -2.499844e+00 -9.982987e-01 5.558040e-02 1.762280e-02 1.080067e+02
2.029571e-02 1.364684e-02 9.997009e-01 2.894253e+01 5.690903e-02 9.982699e-01 -1.478266e-02 -2.514458e+00 -9.981731e-01 5.719203e-02 1.948397e-02 1.080311e+02
2.401382e-02 1.317548e-02 9.996248e-01 2.994235e+01 6.077606e-02 9.980444e-01 -1.461466e-02 -2.533181e+00 -9.978625e-01 6.110421e-02 2.316611e-02 1.080349e+02
2.903133e-02 1.285467e-02 9.994958e-01 3.094034e+01 6.030491e-02 9.980734e-01 -1.458799e-02 -2.557082e+00 -9.977577e-01 6.069802e-02 2.820020e-02 1.080937e+02
3.151104e-02 1.308560e-02 9.994177e-01 3.193584e+01 6.024174e-02 9.980716e-01 -1.496736e-02 -2.556382e+00 -9.976863e-01 6.067831e-02 3.066197e-02 1.081884e+02
3.813929e-02 1.178561e-02 9.992029e-01 3.293577e+01 6.184672e-02 9.979856e-01 -1.413192e-02 -2.566370e+00 -9.973567e-01 6.233640e-02 3.733357e-02 1.081951e+02
4.025782e-02 1.031369e-02 9.991361e-01 3.393301e+01 5.744174e-02 9.982691e-01 -1.261922e-02 -2.582103e+00 -9.975368e-01 5.790014e-02 3.959570e-02 1.082677e+02
4.312124e-02 7.975079e-03 9.990380e-01 3.493137e+01 5.541076e-02 9.984099e-01 -1.036175e-02 -2.626310e+00 -9.975321e-01 5.580427e-02 4.261077e-02 1.083040e+02
4.792744e-02 8.686027e-03 9.988131e-01 3.592753e+01 5.322309e-02 9.985194e-01 -1.123735e-02 -2.656172e+00 -9.974318e-01 5.369849e-02 4.739419e-02 1.083863e+02
5.322354e-02 1.279063e-02 9.985007e-01 3.692652e+01 5.206607e-02 9.985223e-01 -1.556621e-02 -2.687190e+00 -9.972243e-01 5.281650e-02 5.247893e-02 1.084189e+02
5.739380e-02 1.928073e-02 9.981654e-01 3.792611e+01 4.769310e-02 9.986190e-01 -2.203181e-02 -2.686744e+00 -9.972118e-01 4.887009e-02 5.639498e-02 1.084474e+02
6.038910e-02 2.313109e-02 9.979069e-01 3.892515e+01 4.371695e-02 9.987109e-01 -2.579529e-02 -2.701544e+00 -9.972171e-01 4.518320e-02 5.930003e-02 1.084060e+02
6.026582e-02 2.284319e-02 9.979209e-01 3.992282e+01 4.185722e-02 9.988009e-01 -2.539114e-02 -2.734902e+00 -9.973044e-01 4.330041e-02 5.923740e-02 1.084656e+02
5.863475e-02 2.111818e-02 9.980561e-01 4.091674e+01 3.919048e-02 9.989568e-01 -2.343963e-02 -2.762967e+00 -9.975099e-01 4.048868e-02 5.774595e-02 1.085720e+02
6.180107e-02 1.955392e-02 9.978969e-01 4.191574e+01 4.073075e-02 9.989258e-01 -2.209659e-02 -2.803625e+00 -9.972571e-01 4.201068e-02 6.093824e-02 1.085907e+02
6.436439e-02 1.790830e-02 9.977658e-01 4.291407e+01 3.799786e-02 9.990699e-01 -2.038290e-02 -2.861341e+00 -9.972028e-01 3.922490e-02 6.362404e-02 1.085890e+02
6.426576e-02 1.869575e-02 9.977577e-01 4.391226e+01 3.640131e-02 9.991152e-01 -2.106580e-02 -2.882530e+00 -9.972687e-01 3.767349e-02 6.352835e-02 1.086454e+02
6.406152e-02 1.896617e-02 9.977657e-01 4.490543e+01 3.332561e-02 9.992211e-01 -2.113351e-02 -2.911029e+00 -9.973894e-01 3.460500e-02 6.337956e-02 1.087585e+02
6.017975e-02 2.268846e-02 9.979297e-01 4.589502e+01 2.833086e-02 9.993001e-01 -2.442810e-02 -2.919160e+00 -9.977854e-01 2.974229e-02 5.949485e-02 1.089021e+02
5.554861e-02 2.149152e-02 9.982247e-01 4.688746e+01 2.574669e-02 9.994050e-01 -2.294967e-02 -2.972200e+00 -9.981240e-01 2.697581e-02 5.496222e-02 1.090129e+02
5.413914e-02 1.935742e-02 9.983458e-01 4.788592e+01 2.322797e-02 9.995171e-01 -2.063976e-02 -3.009898e+00 -9.982632e-01 2.430696e-02 5.366336e-02 1.090535e+02
4.852207e-02 1.943712e-02 9.986330e-01 4.888313e+01 1.932541e-02 9.996052e-01 -2.039504e-02 -3.009967e+00 -9.986351e-01 2.028860e-02 4.812728e-02 1.091281e+02
4.333024e-02 1.811203e-02 9.988966e-01 4.988284e+01 1.680146e-02 9.996810e-01 -1.885506e-02 -3.031897e+00 -9.989195e-01 1.759992e-02 4.301211e-02 1.091387e+02
3.343532e-02 1.839237e-02 9.992716e-01 5.087768e+01 1.583029e-02 9.996955e-01 -1.892985e-02 -3.074160e+00 -9.993155e-01 1.645168e-02 3.313398e-02 1.092309e+02
2.484397e-02 2.080059e-02 9.994749e-01 5.187714e+01 1.665304e-02 9.996362e-01 -2.121789e-02 -3.082036e+00 -9.995526e-01 1.717143e-02 2.448854e-02 1.092627e+02
1.273039e-02 2.101683e-02 9.996981e-01 5.287345e+01 1.818996e-02 9.996088e-01 -2.124659e-02 -3.120144e+00 -9.997535e-01 1.845495e-02 1.234311e-02 1.093396e+02
6.753113e-04 2.029785e-02 9.997937e-01 5.387283e+01 1.977987e-02 9.995981e-01 -2.030724e-02 -3.152803e+00 -9.998041e-01 1.978950e-02 2.735512e-04 1.093529e+02
-1.131592e-02 1.869388e-02 9.997612e-01 5.487113e+01 1.745607e-02 9.996766e-01 -1.849471e-02 -3.202421e+00 -9.997836e-01 1.724262e-02 -1.163858e-02 1.093834e+02
-1.968046e-02 1.949118e-02 9.996163e-01 5.586874e+01 1.954496e-02 9.996264e-01 -1.910658e-02 -3.221311e+00 -9.996153e-01 1.916144e-02 -2.005406e-02 1.093169e+02
-3.242668e-02 2.043153e-02 9.992653e-01 5.686785e+01 1.899841e-02 9.996230e-01 -1.982234e-02 -3.254878e+00 -9.992935e-01 1.834168e-02 -3.280262e-02 1.092912e+02
-4.616726e-02 2.096520e-02 9.987137e-01 5.786712e+01 1.993331e-02 9.996000e-01 -2.006235e-02 -3.291165e+00 -9.987348e-01 1.898145e-02 -4.656670e-02 1.092794e+02
-5.718969e-02 2.241193e-02 9.981117e-01 5.886531e+01 2.050690e-02 9.995634e-01 -2.126952e-02 -3.323012e+00 -9.981527e-01 1.925178e-02 -5.762432e-02 1.092283e+02
-6.883987e-02 2.323407e-02 9.973571e-01 5.986093e+01 1.946415e-02 9.995698e-01 -2.194215e-02 -3.346751e+00 -9.974378e-01 1.790222e-02 -6.926249e-02 1.091380e+02
-7.842279e-02 2.394706e-02 9.966325e-01 6.085767e+01 2.082229e-02 9.995327e-01 -2.237828e-02 -3.381213e+00 -9.967027e-01 1.899720e-02 -7.888478e-02 1.090650e+02
-8.495448e-02 2.431107e-02 9.960882e-01 6.184701e+01 2.220265e-02 9.995003e-01 -2.250072e-02 -3.410285e+00 -9.961374e-01 2.020427e-02 -8.545180e-02 1.089223e+02
-9.734661e-02 2.597552e-02 9.949115e-01 6.284683e+01 2.198470e-02 9.994716e-01 -2.394350e-02 -3.427012e+00 -9.950077e-01 1.954201e-02 -9.786624e-02 1.089133e+02
-1.089035e-01 2.640766e-02 9.937015e-01 6.384386e+01 2.277281e-02 9.994510e-01 -2.406470e-02 -3.454185e+00 -9.937914e-01 2.000864e-02 -1.094451e-01 1.088412e+02
-1.143336e-01 2.643333e-02 9.930907e-01 6.482766e+01 2.734019e-02 9.993510e-01 -2.345231e-02 -3.492912e+00 -9.930661e-01 2.446990e-02 -1.149821e-01 1.086662e+02
-1.233988e-01 2.516362e-02 9.920381e-01 6.582415e+01 2.854375e-02 9.993548e-01 -2.179868e-02 -3.530081e+00 -9.919466e-01 2.562655e-02 -1.240375e-01 1.085912e+02
-1.267082e-01 2.529206e-02 9.916175e-01 6.681568e+01 3.201589e-02 9.992583e-01 -2.139598e-02 -3.544008e+00 -9.914232e-01 2.903647e-02 -1.274239e-01 1.084620e+02
-1.305438e-01 2.360835e-02 9.911614e-01 6.780726e+01 3.258174e-02 9.992786e-01 -1.951042e-02 -3.593865e+00 -9.909070e-01 2.974680e-02 -1.312188e-01 1.083425e+02
-1.304966e-01 2.259148e-02 9.911913e-01 6.879609e+01 3.276894e-02 9.992924e-01 -1.846189e-02 -3.627661e+00 -9.909071e-01 3.007107e-02 -1.311446e-01 1.081974e+02
-1.320311e-01 2.446901e-02 9.909435e-01 6.978871e+01 3.319334e-02 9.992438e-01 -2.025136e-02 -3.638028e+00 -9.906897e-01 3.021892e-02 -1.327435e-01 1.080765e+02
-1.311674e-01 2.621976e-02 9.910134e-01 7.077855e+01 3.340978e-02 9.991993e-01 -2.201432e-02 -3.674334e+00 -9.907971e-01 3.022198e-02 -1.319384e-01 1.079391e+02
-1.344133e-01 3.026835e-02 9.904630e-01 7.177779e+01 3.298560e-02 9.991161e-01 -2.605640e-02 -3.658861e+00 -9.903762e-01 2.916869e-02 -1.352929e-01 1.079749e+02
-1.289793e-01 3.008176e-02 9.911909e-01 7.277027e+01 3.497008e-02 9.990561e-01 -2.576996e-02 -3.727301e+00 -9.910305e-01 3.133824e-02 -1.299095e-01 1.078734e+02
-1.228464e-01 2.914960e-02 9.919975e-01 7.376329e+01 3.537278e-02 9.990620e-01 -2.497672e-02 -3.809185e+00 -9.917951e-01 3.202141e-02 -1.237623e-01 1.077885e+02
-1.126631e-01 2.870727e-02 9.932185e-01 7.475927e+01 3.491458e-02 9.990797e-01 -2.491623e-02 -3.863073e+00 -9.930196e-01 3.187066e-02 -1.135617e-01 1.077169e+02
-1.008901e-01 2.855516e-02 9.944877e-01 7.575539e+01 3.561377e-02 9.990510e-01 -2.507319e-02 -3.944525e+00 -9.942600e-01 3.288782e-02 -1.018113e-01 1.076837e+02
-8.184927e-02 3.154477e-02 9.961454e-01 7.674583e+01 3.513322e-02 9.989691e-01 -2.874743e-02 -3.947355e+00 -9.960253e-01 3.264483e-02 -8.287316e-02 1.075458e+02
-6.641851e-02 3.442736e-02 9.971977e-01 7.773177e+01 3.323136e-02 9.989265e-01 -3.227366e-02 -4.000396e+00 -9.972383e-01 3.099467e-02 -6.749127e-02 1.077043e+02
-4.379187e-02 3.718718e-02 9.983483e-01 7.872922e+01 3.205851e-02 9.988447e-01 -3.579944e-02 -4.061911e+00 -9.985262e-01 3.043784e-02 -4.493344e-02 1.077402e+02
-1.778562e-02 3.895362e-02 9.990827e-01 7.972572e+01 2.907787e-02 9.988383e-01 -3.842644e-02 -4.115728e+00 -9.994189e-01 2.836775e-02 -1.889765e-02 1.078042e+02
1.631788e-02 3.860994e-02 9.991211e-01 8.072217e+01 2.645488e-02 9.988877e-01 -3.903299e-02 -4.146579e+00 -9.995168e-01 2.706857e-02 1.527831e-02 1.078826e+02
5.528406e-02 3.651133e-02 9.978029e-01 8.172001e+01 2.467173e-02 9.989761e-01 -3.792122e-02 -4.187220e+00 -9.981658e-01 2.671396e-02 5.432666e-02 1.079342e+02
1.022158e-01 3.222221e-02 9.942402e-01 8.271735e+01 2.230845e-02 9.991496e-01 -3.467481e-02 -4.259468e+00 -9.945121e-01 2.572427e-02 1.014101e-01 1.079436e+02
1.488768e-01 2.773821e-02 9.884666e-01 8.370302e+01 2.134060e-02 9.992836e-01 -3.125595e-02 -4.304488e+00 -9.886254e-01 2.574775e-02 1.481782e-01 1.081062e+02
1.967540e-01 2.456078e-02 9.801452e-01 8.467144e+01 1.738569e-02 9.994416e-01 -2.853431e-02 -4.355411e+00 -9.802987e-01 2.265474e-02 1.962171e-01 1.083503e+02
2.496461e-01 2.275781e-02 9.680697e-01 8.562558e+01 1.252878e-02 9.995642e-01 -2.672912e-02 -4.431386e+00 -9.682561e-01 1.880155e-02 2.492522e-01 1.086399e+02
3.080988e-01 2.191886e-02 9.511018e-01 8.657647e+01 9.995689e-03 9.996048e-01 -2.627464e-02 -4.480374e+00 -9.513019e-01 1.760210e-02 3.077579e-01 1.089455e+02
3.683650e-01 2.070001e-02 9.294508e-01 8.749840e+01 1.333584e-02 9.995316e-01 -2.754613e-02 -4.551758e+00 -9.295856e-01 2.254204e-02 3.679164e-01 1.093262e+02
4.291347e-01 2.373498e-02 9.029286e-01 8.837795e+01 1.283387e-02 9.993935e-01 -3.237028e-02 -4.628067e+00 -9.031493e-01 2.547928e-02 4.285699e-01 1.097959e+02
4.890332e-01 2.839744e-02 8.718028e-01 8.921576e+01 1.250436e-02 9.991390e-01 -3.955944e-02 -4.667885e+00 -8.721755e-01 3.024721e-02 4.882571e-01 1.103404e+02
5.479295e-01 3.325610e-02 8.358632e-01 9.002193e+01 6.862501e-03 9.989971e-01 -4.424517e-02 -4.695951e+00 -8.364964e-01 2.997935e-02 5.471518e-01 1.109314e+02
6.014051e-01 3.774438e-02 7.980522e-01 9.070337e+01 3.814681e-05 9.988821e-01 -4.727151e-02 -4.727924e+00 -7.989442e-01 2.845977e-02 6.007313e-01 1.116626e+02
6.569471e-01 3.607377e-02 7.530732e-01 9.143956e+01 -5.998023e-04 9.988794e-01 -4.732515e-02 -4.818372e+00 -7.539365e-01 3.063843e-02 6.562325e-01 1.123333e+02
7.062207e-01 3.167412e-02 7.072829e-01 9.206189e+01 1.283162e-03 9.989399e-01 -4.601657e-02 -4.892989e+00 -7.079906e-01 3.340541e-02 7.054313e-01 1.131124e+02
7.533775e-01 2.642388e-02 6.570572e-01 9.270302e+01 1.958225e-04 9.991833e-01 -4.040717e-02 -4.953576e+00 -6.575883e-01 3.057052e-02 7.527570e-01 1.138775e+02
7.947704e-01 2.155439e-02 6.065273e-01 9.317833e+01 -9.059019e-04 9.994102e-01 -3.432935e-02 -4.980629e+00 -6.069095e-01 2.673450e-02 7.943212e-01 1.147569e+02
8.334946e-01 1.815416e-02 5.522292e-01 9.368434e+01 -2.778552e-03 9.995852e-01 -2.866693e-02 -5.008184e+00 -5.525206e-01 2.235934e-02 8.331993e-01 1.156190e+02
8.655987e-01 1.404099e-02 5.005414e-01 9.409382e+01 -3.356257e-03 9.997470e-01 -2.224044e-02 -5.049284e+00 -5.007271e-01 1.757135e-02 8.654268e-01 1.165304e+02
8.889296e-01 1.658259e-02 4.577436e-01 9.449586e+01 -8.206233e-03 9.997606e-01 -2.028179e-02 -5.057285e+00 -4.579704e-01 1.427274e-02 8.888529e-01 1.174460e+02
9.069287e-01 2.297041e-02 4.206574e-01 9.482250e+01 -1.655006e-02 9.996843e-01 -1.890714e-02 -5.064550e+00 -4.209589e-01 1.018552e-02 9.070225e-01 1.183911e+02
9.204451e-01 2.908075e-02 3.897885e-01 9.504995e+01 -2.297340e-02 9.995295e-01 -2.032208e-02 -5.086090e+00 -3.901961e-01 9.750597e-03 9.206802e-01 1.193646e+02
9.322239e-01 3.159192e-02 3.605005e-01 9.534922e+01 -2.588001e-02 9.994515e-01 -2.066192e-02 -5.110594e+00 -3.609555e-01 9.931783e-03 9.325301e-01 1.203185e+02
9.399294e-01 2.592499e-02 3.403830e-01 9.562311e+01 -2.012847e-02 9.995862e-01 -2.055015e-02 -5.160557e+00 -3.407749e-01 1.246431e-02 9.400623e-01 1.212789e+02
9.449468e-01 2.264823e-02 3.264394e-01 9.590275e+01 -1.715783e-02 9.996589e-01 -1.968900e-02 -5.187495e+00 -3.267740e-01 1.300406e-02 9.450130e-01 1.222387e+02
9.492737e-01 2.547109e-02 3.134176e-01 9.618559e+01 -2.011377e-02 9.995913e-01 -2.031543e-02 -5.207208e+00 -3.138070e-01 1.298089e-02 9.493981e-01 1.231976e+02
9.518952e-01 3.325878e-02 3.046135e-01 9.638963e+01 -2.806069e-02 9.993765e-01 -2.142785e-02 -5.203125e+00 -3.051363e-01 1.184940e-02 9.522350e-01 1.241766e+02
9.534900e-01 4.042732e-02 2.987012e-01 9.670863e+01 -3.527612e-02 9.991216e-01 -2.261920e-02 -5.227202e+00 -2.993533e-01 1.103016e-02 9.540786e-01 1.251240e+02
9.545780e-01 4.523423e-02 2.945074e-01 9.700576e+01 -3.965315e-02 9.989033e-01 -2.489780e-02 -5.275295e+00 -2.953107e-01 1.208874e-02 9.553248e-01 1.260777e+02
9.549838e-01 4.634438e-02 2.930154e-01 9.732312e+01 -4.004581e-02 9.988204e-01 -2.746139e-02 -5.313174e+00 -2.939425e-01 1.449115e-02 9.557133e-01 1.270252e+02
9.540855e-01 4.465481e-02 2.961870e-01 9.759318e+01 -3.670455e-02 9.988024e-01 -3.235138e-02 -5.305828e+00 -2.972769e-01 1.999457e-02 9.545819e-01 1.279880e+02
9.533640e-01 4.273306e-02 2.987826e-01 9.789450e+01 -3.216329e-02 9.986736e-01 -4.020670e-02 -5.311243e+00 -3.001044e-01 2.872179e-02 9.534739e-01 1.289415e+02
9.513160e-01 4.244132e-02 3.052812e-01 9.817322e+01 -3.018021e-02 9.985412e-01 -4.477344e-02 -5.358575e+00 -3.067361e-01 3.338024e-02 9.512091e-01 1.299007e+02
9.495415e-01 4.779768e-02 3.099781e-01 9.846296e+01 -3.599712e-02 9.983968e-01 -4.368145e-02 -5.428320e+00 -3.115690e-01 3.031903e-02 9.497397e-01 1.308553e+02
9.480284e-01 4.929607e-02 3.143439e-01 9.876660e+01 -3.906548e-02 9.984844e-01 -3.876698e-02 -5.468258e+00 -3.157785e-01 2.447221e-02 9.485173e-01 1.318072e+02
9.466965e-01 4.573384e-02 3.188640e-01 9.909556e+01 -3.700610e-02 9.987574e-01 -3.337933e-02 -5.528849e+00 -3.199943e-01 1.980018e-02 9.472125e-01 1.327496e+02
9.461207e-01 4.067422e-02 3.212496e-01 9.947195e+01 -3.369705e-02 9.990605e-01 -2.725150e-02 -5.577800e+00 -3.220562e-01 1.495805e-02 9.466024e-01 1.336748e+02
9.449304e-01 3.719924e-02 3.251503e-01 9.976179e+01 -3.194447e-02 9.992587e-01 -2.148654e-02 -5.615421e+00 -3.257086e-01 9.916528e-03 9.454182e-01 1.346311e+02
9.443448e-01 3.082289e-02 3.275100e-01 1.001256e+02 -2.520003e-02 9.994534e-01 -2.139944e-02 -5.650133e+00 -3.279905e-01 1.195519e-02 9.446054e-01 1.355620e+02
9.447712e-01 2.659803e-02 3.266494e-01 1.005151e+02 -2.005552e-02 9.995254e-01 -2.338142e-02 -5.719214e+00 -3.271163e-01 1.553897e-02 9.448563e-01 1.364804e+02
9.453722e-01 2.709063e-02 3.248653e-01 1.008611e+02 -1.740293e-02 9.993140e-01 -3.268988e-02 -5.719604e+00 -3.255280e-01 2.525050e-02 9.451952e-01 1.374186e+02
9.454032e-01 3.139510e-02 3.243874e-01 1.011734e+02 -1.987353e-02 9.990505e-01 -3.877089e-02 -5.755659e+00 -3.252966e-01 3.020740e-02 9.451294e-01 1.383679e+02
9.465497e-01 3.391012e-02 3.207706e-01 1.014877e+02 -2.104530e-02 9.988322e-01 -4.348932e-02 -5.780297e+00 -3.218707e-01 3.441408e-02 9.461580e-01 1.393169e+02
9.474652e-01 3.329828e-02 3.181211e-01 1.018218e+02 -2.187018e-02 9.989830e-01 -3.942897e-02 -5.804389e+00 -3.191105e-01 3.040021e-02 9.472298e-01 1.402592e+02
9.483322e-01 2.739903e-02 3.160938e-01 1.021400e+02 -1.836480e-02 9.993342e-01 -3.152502e-02 -5.849205e+00 -3.167471e-01 2.409120e-02 9.482040e-01 1.412061e+02
9.493341e-01 2.638172e-02 3.131593e-01 1.024697e+02 -1.954389e-02 9.994975e-01 -2.495463e-02 -5.904494e+00 -3.136603e-01 1.756993e-02 9.493727e-01 1.421486e+02
9.499939e-01 2.934467e-02 3.108866e-01 1.027867e+02 -2.255218e-02 9.994224e-01 -2.542176e-02 -5.961540e+00 -3.114530e-01 1.713935e-02 9.501070e-01 1.430953e+02
9.499689e-01 3.514168e-02 3.103612e-01 1.030690e+02 -2.742196e-02 9.991973e-01 -2.920295e-02 -6.002271e+00 -3.111383e-01 1.923118e-02 9.501700e-01 1.440538e+02
9.507418e-01 3.655430e-02 3.078210e-01 1.033653e+02 -2.726417e-02 9.990352e-01 -3.442860e-02 -6.043274e+00 -3.087825e-01 2.434022e-02 9.508212e-01 1.450080e+02
9.516267e-01 3.714662e-02 3.050027e-01 1.036271e+02 -2.692093e-02 9.989277e-01 -3.766559e-02 -6.073949e+00 -3.060748e-01 2.763263e-02 9.516063e-01 1.459726e+02
9.524049e-01 3.431452e-02 3.028985e-01 1.039270e+02 -2.476921e-02 9.990698e-01 -3.529987e-02 -6.137235e+00 -3.038280e-01 2.611721e-02 9.523689e-01 1.469245e+02
9.537713e-01 3.085807e-02 2.989449e-01 1.042344e+02 -2.133496e-02 9.991572e-01 -3.506797e-02 -6.164491e+00 -2.997751e-01 2.706885e-02 9.536258e-01 1.478757e+02
9.545727e-01 2.904405e-02 2.965593e-01 1.045491e+02 -2.055034e-02 9.992855e-01 -3.171879e-02 -6.207437e+00 -2.972687e-01 2.418349e-02 9.544875e-01 1.488239e+02
9.555401e-01 2.595565e-02 2.937165e-01 1.048635e+02 -1.863326e-02 9.994426e-01 -2.770139e-02 -6.264523e+00 -2.942717e-01 2.099690e-02 9.554911e-01 1.497715e+02
9.563365e-01 2.067258e-02 2.915360e-01 1.051945e+02 -1.325696e-02 9.995369e-01 -2.738905e-02 -6.295171e+00 -2.919672e-01 2.232827e-02 9.561677e-01 1.507146e+02
9.569099e-01 2.163948e-02 2.895775e-01 1.054750e+02 -1.516589e-02 9.995828e-01 -2.458084e-02 -6.342631e+00 -2.899886e-01 1.912995e-02 9.568389e-01 1.516733e+02
9.565189e-01 2.857634e-02 2.902671e-01 1.057273e+02 -2.177623e-02 9.994081e-01 -2.663083e-02 -6.381194e+00 -2.908563e-01 1.915197e-02 9.565750e-01 1.526402e+02
9.569733e-01 3.201959e-02 2.884039e-01 1.060454e+02 -2.405318e-02 9.992260e-01 -3.112496e-02 -6.375825e+00 -2.891773e-01 2.284873e-02 9.570028e-01 1.535882e+02
9.563142e-01 4.068643e-02 2.894957e-01 1.062777e+02 -3.293469e-02 9.989578e-01 -3.160018e-02 -6.422853e+00 -2.904797e-01 2.068525e-02 9.566575e-01 1.545597e+02
9.556007e-01 4.756907e-02 2.907997e-01 1.065711e+02 -4.065909e-02 9.987297e-01 -2.976202e-02 -6.483117e+00 -2.918460e-01 1.661696e-02 9.563210e-01 1.555138e+02
9.541471e-01 5.072967e-02 2.950080e-01 1.068299e+02 -4.459002e-02 9.986266e-01 -2.750624e-02 -6.536177e+00 -2.959983e-01 1.309058e-02 9.550988e-01 1.564783e+02
